93.42
64.9
48.78
48.64
47.32
45.29
46.33
48.28
47.53
47.69
44.8
43.15
43.88
37.85
39.09
41.73
40.13
35.89
40.72
39.98
38.78
34.63
36.39
36.91
36.0
34.42
35.35
33.21
33.26
33.28
32.64
31.14
31.22
29.77
29.24
31.09
30.21
29.22
31.26
30.45
28.18
26.93
30.56
26.27
25.62
25.64
22.96
23.88
24.04
21.53
24.07
22.83
22.7
21.18
21.59
19.75
18.75
18.71
17.75
18.31
17.35
19.45
20.07
18.62
19.3
18.76
17.85
19.03
16.63
17.51
16.36
16.65
14.25
17.11
16.43
17.64
17.02
16.56
14.56
14.55
15.07
14.64
14.09
14.08
13.92
12.73
12.77
13.07
10.93
11.1
10.4
10.2
11.35
12.13
10.48
10.38
9.64
11.04
12.26
10.21
