10.80000
10.81000
10.61000
10.65000
10.52000
10.69000
10.53000
10.56000
10.58000
10.44000
10.45000
10.29000
10.44000
10.39000
10.31000
10.34000
10.32000
10.48000
10.36000
10.37000
10.31000
10.43000
10.18000
10.18000
10.21000
10.35000
10.19000
10.16000
10.23000
10.20000
10.16000
10.22000
10.08000
10.14000
10.15000
10.04000
10.04000
9.99000
10.10000
9.97000
10.02000
9.94000
10.01000
10.08000
10.10000
10.12000
10.22000
10.20000
10.10000
10.14000
10.10000
10.22000
10.22000
10.34000
10.29000
10.40000
10.43000
10.43000
10.58000
10.44000
10.41000
10.32000
10.26000
10.20000
10.24000
10.11000
10.02000
10.10000
10.15000
10.12000
10.23000
10.23000
10.53000
10.48000
10.50000
10.39000
10.45000
10.34000
10.32000
10.48000
10.53000
10.73000
10.71000
10.65000
10.66000
10.66000
10.54000
10.66000
10.69000
10.81000
10.80000
10.68000
10.74000
10.70000
10.72000
10.82000
10.88000
10.71000
10.85000
10.78000
